48
26,9,25,18,6,29,2,12,12,17,27,29,25,19,27,7,28,8,6,0,2,12,27,29,24,27,16,24,23,0,5,20,5,25,11,12,12,28,14,20,15,21,20,10,27,4,3,2
0.667,0.000,0.667,0.000,1.000,1.000,1.000,0.667,1.000,1.000,1.000,0.667,0.667,0.000,0.333,0.333,0.667,1.000,1.000,0.667,1.000,0.333,0.667,0.667,0.000,0.667,0.667,0.000,0.333,0.667,1.000,0.667,1.000,1.000,0.667,1.000,0.667,0.333,0.667,1.000,0.667,1.000,0.667,0.333,0.333,1.000,0.667,0.667
44
0,20,15,22,5,27,16,4,4,5,2,20,22,4,20,4,9,9,18,16,20,13,8,13,0,18,12,12,3,29,0,16,7,1,27,7,6,25,25,1,21,21,2,26
0.667,0.667,1.000,0.000,1.000,0.333,0.333,0.333,1.000,0.667,1.000,0.667,0.333,1.000,0.333,0.667,0.000,0.000,0.333,0.333,0.000,0.333,1.000,0.000,1.000,0.333,0.333,0.667,0.667,0.667,0.000,0.333,0.000,0.000,0.333,0.000,1.000,0.667,0.667,0.000,0.333,0.000,1.000,0.000
41
2,26,28,17,28,25,18,18,20,4,17,27,9,28,21,20,5,0,4,8,11,25,13,1,16,13,25,12,26,8,25,24,14,24,21,14,23,29,10,15,28
0.000,1.000,0.000,0.667,1.000,1.000,1.000,0.000,1.000,0.667,0.667,0.000,0.000,0.333,0.667,1.000,1.000,0.333,1.000,1.000,1.000,0.667,0.667,0.000,0.667,0.667,0.667,0.667,0.000,1.000,1.000,0.000,1.000,0.000,0.333,1.000,1.000,1.000,0.333,0.667,0.667
35
1,26,23,26,12,5,4,24,0,20,21,20,5,5,22,15,3,29,10,29,29,29,23,22,8,22,2,18,7,4,3,23,5,1,19
1.000,1.000,1.000,0.667,0.667,1.000,1.000,0.667,1.000,1.000,1.000,1.000,1.000,1.000,1.000,1.000,0.667,1.000,0.333,1.000,1.000,1.000,1.000,0.333,1.000,0.667,0.667,1.000,0.667,1.000,0.667,1.000,1.000,0.333,0.667
44
29,16,4,29,27,11,17,13,20,23,10,8,1,11,2,2,0,7,21,27,28,7,10,8,4,13,27,29,2,20,4,4,18,26,13,25,29,3,24,12,9,24,17,7
1.000,0.333,1.000,1.000,0.333,1.000,0.333,0.000,0.000,0.667,0.000,1.000,0.000,1.000,0.667,1.000,1.000,0.000,0.667,0.333,0.667,0.333,0.667,1.000,0.667,0.333,0.000,1.000,1.000,0.000,0.667,0.000,0.000,0.000,0.000,0.667,1.000,0.333,0.000,0.333,0.000,0.000,0.333,0.333
35
10,26,4,19,10,29,9,7,5,5,7,22,14,25,13,10,11,25,12,7,29,17,24,0,14,7,27,10,11,11,3,15,3,4,23
0.000,0.333,0.667,0.000,0.000,0.667,0.000,0.667,1.000,0.000,0.000,0.000,0.000,1.000,0.000,0.000,0.667,0.667,0.000,0.333,1.000,0.333,0.000,0.333,0.333,0.667,1.000,0.000,1.000,1.000,0.333,0.000,0.667,0.333,0.667
15
20,23,0,16,28,10,21,25,27,17,20,16,6,16,19
1.000,1.000,1.000,1.000,0.667,0.333,0.333,1.000,1.000,1.000,1.000,1.000,1.000,0.667,1.000
28
17,0,13,18,14,17,1,21,27,16,17,29,5,18,3,0,7,28,22,6,2,9,9,18,13,1,27,0
0.000,0.667,0.667,0.667,0.000,0.333,0.000,0.667,0.000,0.000,1.000,1.000,1.000,0.000,0.333,1.000,1.000,1.000,1.000,1.000,1.000,0.000,0.000,1.000,0.000,0.000,0.333,0.333
28
3,28,27,17,1,0,14,4,19,10,9,1,2,22,22,11,19,4,4,5,29,8,1,20,11,2,19,25
0.333,0.000,0.667,0.000,0.333,1.000,0.333,0.000,0.000,0.000,0.000,0.000,0.333,0.333,1.000,0.667,0.000,0.333,0.000,1.000,0.667,1.000,0.000,0.000,1.000,1.000,0.000,0.000
30
26,24,5,26,7,1,11,12,24,20,6,9,12,16,25,20,27,29,25,13,1,27,21,10,0,18,20,3,18,25
0.000,0.667,0.667,1.000,0.667,0.000,1.000,0.667,1.000,0.333,1.000,0.000,0.667,0.000,1.000,1.000,1.000,1.000,1.000,0.333,0.000,0.333,0.000,0.333,1.000,0.333,0.333,0.000,0.000,1.000
47
1,11,18,4,11,26,26,16,28,16,9,24,22,16,14,11,29,15,23,18,7,20,16,22,4,21,15,5,7,24,17,24,11,14,26,25,8,12,25,14,9,15,6,16,22,25,20
0.000,0.667,0.000,0.667,0.333,0.000,0.000,0.333,0.667,0.000,0.000,0.000,0.333,0.333,0.333,1.000,1.000,1.000,0.667,0.000,0.000,0.000,0.667,0.000,0.667,0.333,0.333,0.333,0.667,0.000,0.000,0.667,0.000,0.000,0.000,1.000,1.000,0.000,0.000,0.000,0.000,0.333,1.000,0.000,0.000,0.000,0.000
29
4,0,29,16,2,12,13,23,29,17,3,17,29,4,24,15,0,20,13,14,8,14,16,24,23,3,11,26,25
0.667,0.333,1.000,1.000,1.000,0.333,0.333,1.000,1.000,0.000,0.000,0.333,0.667,0.667,0.000,0.000,0.667,0.000,0.333,0.667,1.000,0.333,0.000,0.000,0.667,0.000,0.667,0.000,0.333
26
23,2,2,5,12,23,28,14,24,8,3,13,4,1,10,8,23,2,26,27,28,8,2,24,1,11
0.000,0.667,1.000,1.000,0.333,0.667,0.000,1.000,0.000,1.000,1.000,0.000,1.000,0.667,0.000,1.000,0.667,1.000,0.333,0.667,0.667,1.000,1.000,0.000,0.333,1.000
22
10,12,24,20,9,3,26,5,27,6,4,10,12,25,24,18,22,9,9,10,20,29
0.000,0.000,0.000,0.000,0.000,0.000,0.000,0.000,0.000,0.000,0.000,0.000,0.000,0.000,0.000,0.000,0.000,0.000,0.000,0.000,0.000,0.667
29
3,17,3,26,16,11,21,16,9,21,0,21,25,23,26,17,17,13,14,28,11,3,26,2,19,28,11,6,28
0.000,0.000,0.000,0.000,0.000,0.000,0.000,1.000,0.000,0.000,0.000,0.000,0.000,0.000,0.000,0.000,0.000,0.000,0.667,0.000,0.000,0.333,0.000,0.000,0.000,0.000,1.000,0.333,0.333
24
1,28,2,16,24,23,11,17,14,11,15,26,7,27,13,24,16,28,20,7,14,26,13,17
0.000,0.333,0.000,0.000,0.333,0.667,1.000,0.000,0.000,0.333,0.667,0.000,0.000,0.333,0.000,0.000,0.000,0.667,0.000,0.000,0.000,0.000,0.000,0.000
40
5,10,12,24,0,27,5,8,7,10,21,18,23,8,16,11,24,13,14,15,21,21,27,19,0,9,7,17,27,0,1,0,0,8,12,29,0,12,19,25
0.333,0.000,0.000,0.000,0.667,0.000,0.000,1.000,0.000,0.000,0.000,0.333,0.000,1.000,0.333,1.000,0.000,0.000,0.000,0.333,0.000,0.333,0.000,0.000,0.333,0.000,0.000,0.000,0.000,0.000,0.000,0.000,1.000,1.000,0.667,0.667,0.000,0.333,0.000,0.000
27
5,17,18,21,4,23,8,26,2,27,9,18,2,28,28,21,14,0,6,11,16,29,20,25,28,23,19
1.000,0.667,0.667,0.333,0.667,0.667,1.000,0.000,1.000,0.667,0.000,0.667,1.000,1.000,0.333,0.000,0.667,1.000,1.000,1.000,0.667,1.000,0.667,1.000,0.333,0.667,0.000
47
12,8,29,21,27,28,14,13,23,6,24,19,1,6,5,16,26,24,24,27,1,2,4,4,0,7,11,23,3,12,22,14,10,9,2,21,13,15,9,28,9,11,29,8,0,4,19
0.000,1.000,0.667,0.000,0.000,0.333,0.000,0.000,0.667,1.000,0.000,0.333,0.000,0.667,0.000,1.000,0.000,0.000,0.000,0.333,0.000,0.000,0.000,0.000,0.667,0.000,0.333,0.667,0.000,0.000,0.000,1.000,0.000,0.000,0.333,0.000,0.000,0.000,0.000,0.000,0.000,0.667,0.667,1.000,0.667,0.000,0.000
31
14,1,0,22,22,25,10,9,29,17,17,16,25,7,14,7,16,11,26,7,24,13,3,0,0,18,15,13,20,15,4
0.000,0.000,0.000,0.000,0.000,0.333,0.333,0.000,0.333,0.000,0.000,0.000,0.333,0.333,0.000,0.333,0.333,0.000,0.000,0.000,0.000,0.000,0.000,0.333,0.333,0.000,0.000,0.000,0.000,0.000,0.000
47
25,10,2,7,13,13,9,1,13,8,2,20,25,7,15,1,5,27,20,28,25,24,11,4,1,15,4,14,11,3,14,10,15,22,5,13,17,11,26,10,12,20,22,10,22,15,14
0.667,1.000,1.000,0.667,0.333,0.667,0.333,0.000,0.667,1.000,1.000,1.000,1.000,1.000,0.667,0.333,1.000,1.000,1.000,1.000,0.667,1.000,1.000,0.667,0.000,1.000,0.667,1.000,1.000,0.667,1.000,0.333,1.000,0.667,0.000,0.667,0.667,1.000,1.000,0.667,0.667,1.000,1.000,0.667,1.000,1.000,1.000
33
18,3,27,6,9,24,17,18,3,9,0,22,17,4,14,16,2,11,1,0,22,20,16,21,15,4,14,2,27,6,10,9,8
0.000,0.333,0.333,1.000,0.000,0.000,0.000,0.000,0.333,0.000,1.000,0.000,0.000,0.667,0.667,0.000,0.333,0.333,0.333,0.333,0.000,0.000,0.000,0.000,0.667,0.000,0.667,0.333,0.333,1.000,0.000,0.000,1.000
12
21,5,1,22,11,1,5,16,2,1,22,29
0.000,0.667,0.000,1.000,1.000,0.000,0.333,0.333,0.667,0.333,0.000,1.000
17
19,2,15,29,12,22,27,18,7,21,4,19,7,23,11,0,24
0.000,0.000,0.000,1.000,0.333,0.000,0.000,0.000,0.000,0.000,0.000,0.000,0.000,0.333,0.000,0.333,0.000
32
25,3,17,22,5,2,21,10,14,21,27,4,19,9,11,14,16,9,5,17,12,2,29,23,9,29,13,5,2,15,6,19
0.667,0.000,0.000,0.000,0.333,1.000,0.000,0.333,0.333,0.000,0.000,0.667,0.000,0.000,1.000,0.000,1.000,0.000,0.667,0.000,0.000,0.667,0.667,0.000,0.000,0.667,0.000,1.000,1.000,0.000,1.000,0.000
11
27,22,18,18,4,18,1,9,24,1,29
1.000,0.000,0.333,1.000,0.333,0.000,0.000,0.000,0.000,0.000,0.667
13
3,6,7,16,4,6,27,19,28,19,3,27,5
0.000,0.333,0.333,0.000,0.000,0.667,0.000,0.000,0.333,0.000,0.000,0.000,0.333
47
14,20,9,22,25,23,6,4,0,12,20,25,17,12,20,20,17,4,12,3,16,2,16,27,10,20,19,22,20,25,29,3,1,19,15,27,17,7,2,8,28,19,28,5,9,20,9
1.000,1.000,0.000,0.333,1.000,0.667,1.000,1.000,0.333,1.000,0.667,1.000,0.667,1.000,0.667,0.667,0.000,0.667,0.333,0.667,0.333,1.000,0.000,0.000,0.333,0.000,0.000,0.000,1.000,1.000,1.000,0.333,0.000,0.333,1.000,0.000,0.000,0.000,1.000,1.000,0.333,0.000,0.000,1.000,0.000,1.000,0.000
11
14,17,2,16,3,29,3,13,8,8,24
0.333,0.000,1.000,0.333,0.000,1.000,0.000,0.000,1.000,1.000,0.000
20
9,14,16,7,17,22,8,24,7,26,13,27,25,24,17,21,19,29,19,20
0.000,0.333,0.000,1.000,0.333,0.000,1.000,0.000,0.333,0.333,0.000,1.000,0.667,0.000,0.000,0.000,0.000,1.000,0.000,0.000
22
17,1,28,20,14,19,26,17,14,18,22,23,11,12,21,10,4,28,0,23,2,21
0.000,0.000,0.667,0.000,0.667,0.000,0.000,0.000,0.000,0.333,1.000,0.000,0.667,0.333,0.000,0.000,0.667,0.333,0.333,0.333,0.667,0.000
31
9,25,25,21,11,16,13,13,24,1,20,24,19,10,15,18,22,5,23,18,4,25,3,14,28,3,19,9,23,21,2
0.667,1.000,0.333,0.333,1.000,0.667,0.333,0.667,0.667,1.000,1.000,1.000,0.333,0.333,1.000,0.333,1.000,1.000,1.000,0.000,0.667,1.000,0.667,1.000,1.000,1.000,0.333,1.000,1.000,0.667,1.000
42
17,19,16,26,27,26,14,10,24,27,21,12,0,16,5,3,19,15,14,26,14,5,14,13,27,10,6,8,25,15,4,24,19,28,9,17,2,12,10,16,29,29
0.333,0.333,1.000,0.333,0.000,0.667,0.333,0.000,0.000,0.333,0.000,1.000,1.000,0.333,0.000,0.667,0.333,1.000,0.000,0.000,0.333,0.333,0.333,0.667,0.333,0.000,0.667,1.000,0.000,0.333,0.333,0.333,0.667,0.333,0.000,0.667,0.667,0.000,0.333,0.000,1.000,1.000
30
3,17,0,26,6,5,14,17,23,10,19,23,14,15,6,20,9,25,11,23,13,24,4,25,20,17,4,2,22,25
0.000,0.000,0.000,0.333,1.000,0.000,0.000,0.000,0.333,0.000,0.000,0.667,1.000,0.000,0.667,0.000,0.000,0.000,0.667,0.000,0.000,0.000,0.000,0.333,0.000,0.000,0.667,0.333,0.000,0.000
49
5,27,26,9,2,18,16,6,20,19,25,3,13,19,21,14,23,7,20,14,21,19,27,13,26,28,8,7,25,27,25,16,1,24,23,29,2,7,11,0,9,19,2,5,6,19,22,24,26
0.667,1.000,1.000,0.000,1.000,0.333,1.000,1.000,1.000,0.667,1.000,1.000,0.333,0.000,0.667,1.000,0.667,1.000,1.000,0.667,1.000,0.000,0.333,0.000,1.000,1.000,1.000,0.667,1.000,0.000,1.000,1.000,0.000,1.000,0.667,1.000,1.000,0.667,1.000,1.000,0.000,0.000,0.333,1.000,1.000,0.667,1.000,0.000,0.667
37
28,8,19,5,17,5,18,27,11,24,10,1,14,11,11,8,20,23,1,21,2,11,27,29,25,15,20,27,23,25,29,0,20,2,19,1,8
0.333,1.000,0.000,0.333,0.000,0.667,0.000,0.333,0.000,0.000,0.000,0.000,0.000,0.000,0.667,1.000,0.000,1.000,0.000,0.000,0.000,0.667,0.000,0.667,0.000,0.333,0.000,0.333,1.000,0.000,1.000,0.000,0.000,0.333,0.000,0.000,1.000
43
23,13,5,13,3,20,7,29,2,18,29,13,26,19,16,24,7,23,13,25,5,22,21,15,24,18,13,18,2,9,18,8,27,19,12,6,13,8,26,27,22,24,27
1.000,0.000,0.333,0.000,0.000,0.333,0.000,1.000,0.667,0.667,0.667,0.000,0.333,0.000,0.000,0.333,1.000,0.667,0.000,1.000,1.000,0.333,0.667,0.667,0.000,0.000,0.333,0.333,1.000,0.000,0.000,1.000,0.667,0.000,0.000,1.000,0.000,1.000,0.000,0.667,0.000,0.667,0.333
24
8,18,25,19,28,21,7,20,18,5,19,24,28,18,3,22,6,27,27,3,21,11,12,2
1.000,0.333,0.000,0.000,0.000,0.000,0.000,0.000,0.000,0.000,0.000,0.000,0.000,0.333,0.000,0.000,0.000,0.000,0.000,0.000,0.000,0.000,0.000,0.000
29
27,0,25,6,20,20,16,29,9,10,21,29,8,8,23,4,16,8,16,23,20,18,26,6,22,8,6,12,10
0.000,0.333,0.333,0.333,0.000,0.000,0.333,1.000,0.000,0.000,0.000,1.000,1.000,1.000,0.667,0.000,0.333,1.000,0.000,0.667,0.000,0.000,0.000,0.667,0.000,1.000,0.667,0.333,0.000
24
8,6,1,28,8,9,1,18,10,12,9,13,17,18,21,8,24,6,27,2,19,5,26,20
1.000,0.667,0.000,0.000,0.667,0.000,0.000,0.333,0.000,0.000,0.000,0.333,0.000,0.333,0.333,1.000,0.333,1.000,0.667,0.667,0.000,1.000,0.000,1.000
12
2,27,11,14,8,22,7,10,15,25,26,24
0.333,0.667,1.000,1.000,1.000,1.000,0.000,0.333,1.000,1.000,0.333,0.000
44
10,14,26,29,10,16,16,5,4,7,1,15,19,23,11,5,0,3,16,12,17,4,29,23,23,26,2,10,12,3,25,26,13,21,10,26,9,18,17,5,26,28,14,20
0.000,1.000,0.000,1.000,0.000,1.000,0.333,1.000,1.000,0.333,0.333,0.667,0.000,0.667,1.000,0.333,1.000,0.333,0.667,1.000,0.333,0.333,1.000,0.333,0.000,0.000,0.667,0.667,0.667,0.333,1.000,0.000,0.000,0.333,0.000,0.000,0.333,0.667,0.333,1.000,0.333,0.000,0.667,0.000
26
4,3,21,18,26,20,1,10,21,12,14,11,21,20,21,10,6,27,4,16,23,19,8,13,25,11
1.000,0.667,0.000,0.000,0.333,0.000,0.000,0.000,0.000,0.333,0.333,1.000,0.667,0.000,0.333,0.333,1.000,0.333,0.667,0.333,1.000,0.000,1.000,0.000,0.000,1.000
42
7,18,5,2,26,4,12,14,13,28,22,15,17,21,28,21,10,2,21,9,9,29,20,15,11,1,8,23,2,23,29,24,29,14,2,18,17,7,25,16,7,6
0.000,0.000,0.333,0.667,0.000,0.000,1.000,0.667,0.333,1.000,0.333,0.000,0.000,0.333,0.000,0.333,0.000,0.667,0.000,0.000,0.000,1.000,0.000,0.000,1.000,0.000,1.000,1.000,0.333,0.667,0.667,0.000,1.000,0.000,1.000,0.000,0.000,0.000,0.333,0.000,0.333,1.000
26
8,29,20,12,20,18,20,18,24,24,21,16,22,22,29,9,9,3,7,21,19,19,17,13,17,27
1.000,0.333,0.000,0.000,0.000,0.333,0.000,0.000,0.000,0.000,0.333,0.000,0.000,0.000,0.333,0.000,0.000,0.000,0.000,0.333,0.000,0.000,0.000,0.333,0.000,0.667
10
10,18,8,26,1,11,3,3,17,14
0.333,0.000,1.000,0.333,0.000,0.333,0.000,0.000,0.667,0.667
19
14,22,20,20,10,12,4,0,23,11,10,16,3,14,24,29,8,20,19
0.667,0.333,0.000,0.000,0.333,0.333,0.333,0.667,0.333,0.667,0.000,0.000,0.333,0.333,0.333,1.000,1.000,0.000,0.000
31
0,3,12,22,12,12,1,8,23,7,6,3,17,2,27,5,11,11,20,27,7,21,21,0,3,20,27,10,2,12,24
1.000,1.000,1.000,0.333,1.000,0.667,0.667,1.000,1.000,1.000,0.667,1.000,0.667,1.000,0.667,1.000,1.000,0.667,1.000,1.000,0.667,0.000,0.000,0.667,1.000,1.000,0.333,0.333,1.000,0.667,0.333
41
20,24,0,22,25,6,19,24,29,11,15,15,10,20,3,12,6,3,14,18,8,10,7,0,22,24,23,7,12,21,26,3,7,2,28,8,28,1,1,27,12
1.000,0.000,0.333,1.000,1.000,1.000,1.000,0.000,1.000,0.667,0.667,0.667,0.000,0.000,0.667,1.000,1.000,0.000,1.000,0.333,1.000,0.333,0.333,1.000,1.000,0.000,0.667,1.000,1.000,0.000,0.000,0.000,0.667,1.000,0.000,1.000,0.667,0.000,0.000,0.667,0.000
47
29,21,29,17,13,9,13,12,29,2,29,5,28,7,11,12,10,11,0,16,15,10,12,17,10,27,11,5,8,15,3,2,27,15,23,26,25,29,24,11,10,4,24,17,18,22,22
0.333,0.000,0.000,0.000,0.000,0.000,0.000,0.000,1.000,0.667,0.333,0.667,0.333,0.000,0.000,0.000,0.000,0.667,0.333,0.333,0.000,0.000,0.000,0.000,0.000,0.333,0.000,0.333,1.000,0.000,0.000,0.000,0.000,0.000,0.667,0.000,0.333,0.000,0.333,0.667,0.000,0.000,0.000,0.000,0.000,0.000,0.000
48
26,25,13,16,17,12,19,28,19,20,26,17,3,0,17,0,25,25,12,19,19,22,9,26,10,8,8,4,25,0,16,21,1,23,12,8,28,3,4,10,23,18,20,2,11,25,18,18
0.000,0.667,0.667,1.000,0.333,1.000,0.333,1.000,0.000,0.333,0.000,0.000,0.667,0.333,0.667,1.000,0.667,1.000,0.667,0.000,0.333,0.000,0.000,0.667,0.000,1.000,1.000,0.667,0.333,0.667,1.000,0.000,0.000,0.667,0.667,1.000,0.333,0.667,0.333,0.000,0.000,0.333,1.000,0.333,0.667,0.667,0.667,0.333
14
12,22,25,17,29,29,4,24,15,26,18,13,24,29
0.000,1.000,0.333,0.000,1.000,1.000,0.000,0.000,0.333,0.333,0.000,0.000,0.000,1.000
41
9,21,24,16,3,15,19,14,24,26,20,4,5,16,0,24,18,3,16,8,23,1,7,14,6,26,5,0,14,22,25,6,28,29,24,16,1,26,8,28,8
0.000,0.000,0.667,0.667,0.333,0.667,0.000,1.000,0.000,0.000,0.000,0.667,0.667,0.000,0.000,0.000,0.000,0.333,1.000,1.000,0.333,0.000,0.333,0.333,1.000,0.000,0.333,0.667,0.667,0.000,0.667,1.000,0.000,0.667,0.333,0.000,0.000,0.000,1.000,0.333,1.000
16
13,23,22,2,17,15,22,18,18,17,19,15,7,27,0,16
0.000,0.667,0.333,1.000,1.000,0.667,1.000,0.667,0.000,0.333,0.000,0.667,0.667,0.000,0.667,0.333
42
12,19,21,6,14,22,13,22,18,21,28,23,19,28,23,17,9,8,24,7,25,29,28,9,16,1,5,25,4,27,29,8,4,17,25,19,8,16,26,16,11,6
0.667,0.000,0.333,1.000,0.667,1.000,1.000,1.000,0.000,0.000,1.000,0.667,0.000,1.000,1.000,0.667,0.000,1.000,1.000,0.667,1.000,1.000,1.000,0.000,0.333,0.333,1.000,1.000,0.333,0.333,1.000,1.000,1.000,0.333,1.000,0.667,1.000,0.667,0.000,0.667,1.000,1.000
10
9,3,8,12,13,9,5,15,5,16
0.333,1.000,1.000,1.000,0.000,0.333,1.000,1.000,1.000,0.667
28
23,27,16,10,24,8,9,17,19,12,7,6,16,20,22,14,19,14,0,24,13,4,10,15,1,7,10,28
0.333,0.000,0.333,0.000,0.000,1.000,0.000,0.000,0.000,0.000,0.333,0.667,0.000,0.000,0.667,0.000,0.000,0.000,0.000,0.000,0.000,0.667,0.333,0.667,0.000,0.333,0.000,0.667
47
25,7,3,17,27,10,4,14,27,17,1,21,10,25,24,12,3,21,6,28,10,21,23,3,27,14,0,22,2,13,5,17,24,0,5,5,20,15,28,4,16,9,27,20,17,6,2
1.000,0.333,0.000,0.000,0.000,0.000,0.333,0.333,0.000,0.000,0.000,0.333,0.000,1.000,0.333,0.000,0.000,0.000,1.000,1.000,0.000,0.000,0.667,0.333,0.000,1.000,1.000,0.333,1.000,0.333,0.667,0.333,0.000,1.000,0.333,0.667,0.000,0.000,0.000,0.000,0.333,0.000,0.333,0.000,0.000,0.333,0.333
23
25,9,14,27,18,3,1,8,9,27,10,13,6,22,14,21,18,21,14,29,27,23,7
1.000,0.000,1.000,1.000,0.333,0.333,0.333,1.000,0.000,0.667,0.333,0.000,1.000,0.667,0.667,1.000,0.333,1.000,0.667,1.000,1.000,1.000,0.667
48
20,0,16,29,16,10,24,26,28,2,14,28,20,10,25,27,15,24,21,27,8,23,23,0,28,24,21,15,8,18,11,18,21,8,6,13,28,18,18,1,8,12,14,2,10,20,13,29
1.000,0.333,0.333,1.000,0.000,0.333,0.000,1.000,1.000,1.000,1.000,0.667,1.000,1.000,0.667,1.000,0.333,0.333,0.000,1.000,1.000,1.000,0.667,1.000,0.000,0.000,1.000,1.000,1.000,1.000,1.000,0.667,0.000,1.000,0.667,0.333,0.667,0.667,0.667,0.000,1.000,1.000,0.000,1.000,0.667,1.000,0.667,1.000
15
28,25,16,15,22,2,20,25,3,9,4,20,21,29,9
0.000,0.333,0.333,0.333,0.000,0.333,0.000,0.667,0.333,0.000,0.667,0.000,0.000,0.667,0.000
32
17,29,16,29,5,24,14,2,5,2,29,28,0,29,12,27,20,25,13,12,26,3,6,21,9,6,20,14,14,3,22,22
0.000,0.667,0.333,1.000,0.667,0.000,0.333,0.000,1.000,0.667,1.000,0.000,1.000,1.000,0.667,1.000,0.000,1.000,0.667,0.667,0.333,0.000,1.000,0.000,0.000,1.000,0.000,0.667,1.000,0.667,1.000,0.000
24
15,28,12,16,2,19,10,26,20,18,21,10,29,27,15,20,2,21,5,13,23,17,16,3
0.000,0.333,0.000,0.000,0.333,0.000,0.000,0.000,0.333,0.000,0.000,0.000,0.667,0.000,0.333,0.333,0.667,0.000,0.333,0.000,1.000,0.667,0.333,0.333
29
5,24,13,10,10,28,17,26,22,21,17,23,22,10,20,11,4,22,8,26,24,8,21,9,21,18,0,6,3
0.333,0.000,0.000,0.000,0.000,0.667,0.000,0.000,0.000,0.000,0.000,0.333,0.000,0.333,0.000,1.000,0.667,0.000,1.000,0.000,0.000,1.000,0.000,0.000,0.000,0.000,0.000,1.000,0.000
25
13,29,10,6,15,12,26,14,23,15,26,20,22,23,8,2,18,19,4,9,16,14,22,24,7
0.667,1.000,0.000,1.000,1.000,0.667,0.667,1.000,0.667,1.000,1.000,1.000,0.333,0.667,1.000,1.000,0.000,0.333,0.667,0.667,0.333,0.333,0.000,0.000,0.333
17
28,29,23,27,9,6,27,16,3,28,12,3,4,25,21,3,17
0.667,1.000,0.667,0.333,0.333,1.000,1.000,1.000,0.667,1.000,1.000,0.667,1.000,1.000,0.333,0.333,0.667
40
9,24,22,9,20,23,1,8,21,12,24,15,17,18,11,7,16,14,9,14,14,22,6,12,16,8,7,19,25,26,20,17,12,15,8,11,11,5,18,27
0.000,0.333,0.000,0.000,0.000,1.000,0.000,1.000,0.667,0.000,0.000,0.667,0.333,0.333,0.667,0.333,0.333,0.667,0.000,0.667,0.000,0.000,0.667,0.000,0.667,1.000,0.667,0.667,0.667,0.000,0.000,0.667,0.333,0.000,1.000,1.000,1.000,0.333,0.333,0.000
30
25,19,6,21,3,12,12,9,17,16,19,19,12,16,21,3,0,0,14,12,16,23,25,7,17,26,12,22,13,7
0.667,0.000,1.000,0.333,0.667,1.000,0.667,0.333,0.667,0.667,1.000,0.667,1.000,1.000,0.000,0.000,1.000,1.000,1.000,1.000,1.000,1.000,1.000,0.000,0.000,0.667,1.000,1.000,0.000,0.000
43
15,8,14,11,0,12,13,24,24,7,7,26,29,11,0,10,7,9,29,18,10,6,10,16,0,25,28,20,20,7,22,23,5,21,17,5,4,12,18,21,7,8,16
0.667,1.000,0.000,1.000,1.000,1.000,0.000,0.000,0.333,0.333,1.000,1.000,1.000,1.000,0.667,0.000,1.000,0.000,1.000,0.667,0.333,1.000,0.000,0.333,0.333,0.667,0.333,0.333,1.000,1.000,0.000,0.667,1.000,0.000,0.000,0.333,0.667,0.333,1.000,0.000,0.333,1.000,0.333
18
25,19,7,9,18,2,23,4,2,25,26,15,16,14,2,11,8,20
0.000,0.000,0.333,0.000,0.333,0.333,0.333,0.000,0.333,0.667,0.333,0.333,0.667,0.667,0.333,0.667,1.000,0.000
24
13,24,20,23,24,25,4,5,16,10,15,11,14,22,3,26,17,20,27,2,21,7,22,2
0.000,0.000,1.000,0.333,0.000,1.000,0.000,0.333,0.333,0.000,1.000,1.000,1.000,0.667,0.667,0.333,0.667,0.333,1.000,1.000,0.333,0.667,0.333,1.000
39
8,6,25,20,23,14,1,22,19,24,11,0,22,21,7,4,14,0,0,24,9,21,9,20,14,16,21,5,2,12,15,7,29,14,16,16,21,25,12
1.000,1.000,1.000,1.000,0.667,1.000,0.667,1.000,0.667,0.333,1.000,1.000,0.667,1.000,1.000,1.000,0.333,1.000,1.000,0.000,0.667,1.000,0.667,1.000,0.667,0.667,0.000,1.000,1.000,1.000,0.667,0.667,1.000,1.000,1.000,1.000,0.667,1.000,1.000
10
2,3,12,5,25,13,4,15,14,14
0.667,0.333,0.000,1.000,0.333,0.000,0.667,0.667,0.000,0.333
24
10,8,6,12,1,7,6,23,11,18,6,9,28,24,15,2,29,9,5,17,17,4,20,28
0.333,1.000,1.000,1.000,0.000,1.000,1.000,0.667,1.000,0.667,1.000,0.333,1.000,0.333,1.000,1.000,1.000,0.667,1.000,1.000,1.000,0.667,1.000,0.667
41
21,23,5,2,21,0,19,21,15,22,10,12,26,9,2,8,27,11,22,13,0,17,16,26,8,8,22,9,18,28,14,4,14,19,22,29,24,27,1,12,23
0.000,0.333,0.333,0.000,0.000,0.000,0.000,0.000,0.000,0.000,0.000,0.000,0.000,0.000,0.000,0.667,0.333,0.333,0.000,0.000,0.000,0.000,0.000,0.000,1.000,0.000,0.000,0.000,0.000,0.000,0.000,0.667,0.000,0.000,0.000,0.000,0.000,0.000,0.000,0.000,0.000
26
28,16,23,3,20,7,4,25,15,3,27,21,28,14,11,4,29,22,15,13,9,6,12,19,27,28
0.667,0.333,0.667,0.667,0.667,0.667,1.000,1.000,0.667,0.333,0.333,0.333,0.667,1.000,0.667,0.000,1.000,1.000,0.667,0.333,0.000,1.000,1.000,0.000,0.333,0.667
15
19,14,14,24,19,8,3,17,17,4,19,22,29,10,4
0.000,0.000,1.000,0.000,0.000,1.000,0.000,0.000,0.000,1.000,0.000,0.333,1.000,0.333,0.667
19
1,1,27,23,16,15,15,13,6,20,10,23,0,10,22,20,3,6,25
0.000,0.000,0.333,0.667,0.000,0.667,0.667,0.333,1.000,0.000,0.000,0.333,0.333,0.333,0.000,0.000,0.667,1.000,0.667
11
27,21,29,19,5,27,24,28,9,27,9
0.000,0.333,1.000,0.000,0.000,0.000,0.000,1.000,0.000,0.667,0.000
35
24,1,11,7,8,11,25,8,9,24,1,15,19,6,27,1,0,18,27,3,23,21,26,1,24,13,1,28,14,11,4,27,19,28,6
0.000,0.000,0.000,0.000,1.000,0.333,0.000,0.667,0.000,0.000,0.000,0.000,0.000,0.667,0.000,0.000,0.667,0.000,0.000,0.000,0.000,0.000,0.000,0.000,0.000,0.000,0.000,0.000,0.000,0.000,0.000,0.000,0.000,0.333,0.333
36
19,22,7,26,13,14,10,0,20,2,16,27,18,13,21,29,22,7,12,26,19,2,4,8,28,5,24,21,1,12,4,27,26,24,7,22
0.000,0.000,0.000,0.333,0.667,0.333,0.000,0.000,0.667,0.667,0.000,0.333,0.000,0.000,0.667,1.000,0.333,0.000,0.667,0.333,0.000,0.667,0.333,1.000,0.333,1.000,0.000,0.333,0.000,0.667,0.333,0.333,0.333,0.000,0.000,0.333
35
15,18,25,22,10,12,27,8,19,23,18,15,6,18,11,14,22,13,10,25,9,26,10,5,1,10,18,5,13,19,5,16,9,27,0
1.000,0.333,0.333,1.000,0.000,1.000,1.000,1.000,0.333,0.667,1.000,0.667,1.000,1.000,1.000,1.000,0.333,0.667,0.333,1.000,0.000,0.000,0.000,1.000,0.333,0.000,0.333,0.667,0.333,0.000,0.333,0.000,0.000,0.667,0.667
39
19,28,12,14,13,23,24,18,5,9,26,14,20,21,19,25,5,22,24,9,6,21,16,17,16,8,9,9,24,6,15,28,17,5,26,19,0,0,11
0.667,0.667,1.000,0.667,0.000,1.000,0.667,1.000,1.000,0.333,1.000,1.000,0.667,0.667,1.000,1.000,1.000,0.667,0.000,0.667,1.000,0.000,1.000,1.000,1.000,1.000,0.333,0.667,0.667,1.000,1.000,0.667,1.000,0.667,1.000,1.000,1.000,1.000,0.667
31
18,4,17,29,4,29,24,9,0,9,4,11,21,29,26,6,8,21,20,11,22,28,0,10,29,20,14,1,19,6,20
0.000,0.000,0.000,1.000,0.667,1.000,0.333,0.000,0.667,0.000,0.333,0.667,0.000,0.667,0.667,1.000,1.000,0.000,0.000,1.000,0.000,0.000,0.000,0.000,0.333,0.333,0.667,0.000,0.000,1.000,0.000
24
6,28,26,14,2,18,9,27,28,14,2,5,11,14,5,12,28,18,2,7,7,22,25,19
0.667,0.000,0.000,0.333,0.333,1.000,0.000,0.000,0.000,0.667,0.667,0.667,1.000,0.333,0.333,0.000,0.333,0.000,0.333,0.667,0.667,0.333,0.333,0.000
45
24,22,10,5,14,4,10,24,17,29,12,10,13,27,17,26,27,24,27,18,23,26,14,8,7,19,27,0,3,13,24,1,15,2,25,7,5,15,23,15,6,29,12,12,4
0.000,0.000,0.333,0.667,0.333,0.333,0.333,0.000,0.000,1.000,0.333,0.667,0.000,0.667,0.333,0.000,0.000,0.000,1.000,0.000,1.000,0.000,0.667,1.000,0.333,0.333,0.667,1.000,0.000,0.000,0.000,0.000,0.333,0.667,0.333,1.000,0.000,0.667,0.667,0.000,0.667,1.000,0.667,0.667,1.000
10
5,22,18,22,10,10,22,29,12,10
0.667,0.667,0.667,0.333,0.000,0.000,0.000,1.000,0.667,0.333
29
26,5,26,8,20,12,24,20,25,7,15,12,12,16,22,19,4,21,20,27,16,27,8,1,24,25,17,8,5
1.000,0.667,0.000,1.000,0.000,0.000,0.000,0.000,0.000,0.667,0.667,0.000,0.333,0.667,0.333,0.000,0.333,0.333,0.333,0.667,0.667,0.667,1.000,0.000,0.000,0.333,0.000,1.000,0.667
34
28,12,5,20,25,5,8,15,10,6,9,9,29,24,19,17,27,23,19,28,8,14,3,7,8,12,8,25,3,16,15,14,2,24
0.667,0.000,0.667,0.000,0.667,1.000,1.000,0.667,0.000,1.000,0.000,0.000,1.000,0.000,0.000,0.000,0.667,0.667,0.000,0.000,1.000,0.667,0.000,0.000,1.000,1.000,1.000,1.000,0.000,0.333,0.667,0.667,1.000,0.000
26
12,1,24,12,25,6,27,9,22,5,2,25,2,17,10,21,19,4,18,21,26,27,18,29,14,29
1.000,0.333,0.000,1.000,1.000,1.000,0.333,0.333,0.333,0.667,0.667,1.000,0.667,0.000,0.000,0.667,0.667,0.667,0.667,0.667,0.667,0.000,0.667,1.000,1.000,1.000
26
13,23,10,25,18,29,1,27,2,10,5,28,13,18,25,15,20,21,23,6,29,26,7,18,19,15
0.000,1.000,0.000,1.000,0.333,1.000,0.000,1.000,0.667,0.000,1.000,0.333,0.333,0.000,0.333,1.000,0.333,0.000,1.000,1.000,1.000,0.000,0.667,0.667,0.333,0.333
23
15,28,28,16,27,23,19,22,17,17,21,13,17,14,14,5,26,14,17,3,22,7,14
0.667,1.000,0.667,1.000,0.667,0.667,0.000,1.000,1.000,0.667,0.333,0.333,0.667,1.000,1.000,1.000,0.667,0.333,1.000,0.667,0.333,1.000,1.000
38
19,20,28,20,21,2,4,15,17,25,16,10,16,15,25,22,1,3,20,6,1,29,5,16,6,24,4,4,19,15,18,8,4,7,8,4,9,24
0.000,0.000,0.333,0.000,0.333,0.667,0.667,0.667,0.333,0.000,0.333,0.000,0.000,0.000,0.667,0.000,0.000,0.333,0.333,0.333,0.000,1.000,0.333,0.333,0.333,0.000,0.667,0.667,0.000,0.667,0.333,1.000,0.000,0.000,0.667,0.667,0.000,0.000
15
21,25,0,3,13,16,19,17,10,28,20,25,13,8,26
0.000,1.000,0.333,0.000,0.333,0.000,0.667,0.667,0.000,0.333,0.000,0.333,0.000,1.000,0.000
38
21,10,19,29,28,18,8,9,1,0,29,15,17,22,25,16,5,13,22,24,14,13,23,21,2,23,22,18,24,11,1,2,17,28,0,19,20,28
0.000,0.000,0.000,1.000,0.000,0.000,1.000,0.000,0.000,1.000,1.000,0.000,0.333,1.000,0.667,0.333,1.000,0.333,0.333,0.000,0.333,0.000,0.333,0.000,1.000,0.667,0.000,0.333,0.000,0.667,0.000,0.333,0.000,1.000,0.333,0.000,0.667,0.667
45
12,22,26,24,4,28,1,22,25,0,15,22,5,22,15,13,28,25,2,14,2,22,28,1,0,8,8,22,6,2,25,17,10,6,8,0,28,13,19,5,6,9,6,25,1
0.000,0.000,0.000,0.000,1.000,0.000,0.000,0.333,0.000,0.333,0.333,0.000,0.000,0.000,0.000,0.000,0.000,0.000,0.000,0.000,0.000,0.000,0.333,0.000,0.000,0.667,1.000,0.000,0.333,0.000,0.000,0.333,0.000,0.333,1.000,0.000,0.000,0.000,0.000,0.333,0.333,0.000,0.333,0.000,0.000
29
4,12,17,16,8,13,16,28,3,17,26,19,23,23,14,10,11,8,12,14,26,14,27,4,22,18,25,19,25
0.667,0.333,1.000,0.333,1.000,0.000,1.000,0.667,0.667,0.667,0.000,0.000,1.000,0.667,1.000,0.667,1.000,1.000,1.000,1.000,0.000,0.000,0.333,0.667,0.333,0.667,0.667,0.333,0.667
23
10,25,25,13,6,0,25,24,12,19,2,19,3,28,25,10,1,13,11,29,16,11,25
0.000,1.000,0.667,0.000,0.667,0.667,0.000,0.000,1.000,0.000,1.000,0.333,0.333,0.000,1.000,0.333,0.333,0.333,1.000,1.000,0.333,1.000,0.333
45
21,17,11,19,26,21,29,20,18,7,6,15,18,5,19,26,20,10,4,15,6,26,4,10,14,2,25,4,22,20,4,8,14,2,28,5,16,25,20,7,20,24,10,5,7
0.667,0.333,0.667,0.000,0.333,0.000,0.667,0.333,0.667,0.000,1.000,1.000,0.000,0.000,0.000,0.333,0.667,0.333,0.667,0.333,0.667,0.333,0.333,0.000,0.667,0.000,0.333,0.333,0.000,0.000,0.667,1.000,0.333,1.000,0.333,0.667,0.667,1.000,0.667,0.000,0.000,0.333,0.000,0.333,0.667
47
21,28,11,21,11,9,22,29,25,5,16,18,17,5,23,18,9,23,7,20,23,5,20,24,29,6,23,0,26,17,23,27,24,19,11,15,9,26,9,13,24,19,9,9,25,24,10
0.333,0.333,1.000,0.000,1.000,0.000,0.667,1.000,0.000,0.667,0.333,0.667,0.000,0.667,0.667,0.333,0.000,0.333,0.000,1.000,1.000,0.667,0.000,0.000,1.000,1.000,0.667,0.667,0.000,0.000,0.333,0.000,0.000,0.000,0.667,0.667,0.000,0.000,0.000,0.000,0.000,0.000,0.000,0.000,0.667,0.000,0.333
21
1,4,6,25,25,23,11,15,22,7,29,27,8,14,4,12,4,10,9,19,12
0.000,0.000,1.000,0.000,0.000,0.333,0.000,0.000,0.000,0.000,0.333,0.333,1.000,1.000,0.000,0.000,0.000,0.000,0.000,0.333,0.000
13
7,15,20,9,24,11,11,25,4,15,0,27,8
0.333,1.000,0.000,0.000,0.000,1.000,1.000,1.000,0.667,0.333,1.000,0.000,1.000
17
4,18,9,10,24,14,5,14,4,28,18,21,18,9,11,21,3
1.000,0.000,0.000,0.000,0.000,0.667,0.667,1.000,0.667,0.333,0.333,0.000,0.000,0.000,0.333,0.000,0.000
25
11,19,4,1,9,0,6,25,16,15,26,26,23,2,13,9,21,6,25,16,29,5,22,21,3
0.667,0.000,0.333,0.000,0.000,0.667,0.333,0.000,1.000,0.000,0.000,0.333,0.667,0.667,0.000,0.000,0.000,0.667,0.000,0.667,1.000,0.000,0.333,0.000,0.000
30
23,3,11,25,22,21,20,19,14,22,27,15,4,20,14,16,17,4,12,18,29,12,17,13,29,3,3,19,19,18
0.667,0.000,0.667,0.333,0.667,0.000,1.000,0.000,0.000,0.667,0.333,0.667,1.000,0.000,0.000,0.667,0.000,0.000,0.000,0.000,1.000,0.000,0.000,0.000,1.000,0.000,0.667,0.000,0.333,0.667
38
10,16,3,25,11,9,5,24,0,6,25,26,20,27,15,23,13,22,19,19,5,21,24,27,4,23,20,17,14,5,24,28,18,0,0,12,2,9
0.333,0.000,0.000,0.667,1.000,0.000,0.667,0.000,1.000,1.000,1.000,0.000,0.667,1.000,0.000,1.000,0.667,0.000,0.000,1.000,1.000,0.000,0.000,0.667,1.000,1.000,1.000,0.000,0.667,1.000,0.000,0.333,1.000,1.000,1.000,0.667,0.667,0.000
23
4,17,9,24,18,11,17,16,29,23,10,2,22,16,0,14,27,8,14,27,23,27,28
1.000,1.000,0.667,1.000,0.667,1.000,0.667,0.667,1.000,0.667,0.667,1.000,0.667,1.000,1.000,1.000,0.667,1.000,1.000,1.000,1.000,0.667,0.667
18
26,8,13,7,18,2,17,4,13,27,29,3,6,19,24,27,11,1
0.333,1.000,0.000,0.667,0.000,0.333,0.333,0.333,0.000,0.333,1.000,0.000,1.000,0.667,0.000,0.333,1.000,0.667
13
6,29,8,18,27,26,22,6,22,1,5,17,5
1.000,1.000,1.000,0.333,1.000,0.000,0.333,1.000,0.667,0.000,0.333,0.333,0.667
22
23,1,3,9,6,23,16,19,5,18,4,9,8,26,12,18,20,23,5,3,23,26
0.667,0.000,0.000,0.000,1.000,0.667,0.333,0.000,1.000,0.000,0.667,0.000,1.000,0.333,1.000,0.333,0.000,0.333,1.000,0.333,0.333,0.667
21
23,4,19,6,6,12,8,24,20,12,11,12,23,9,0,24,7,21,15,12,2
0.333,0.000,0.000,0.667,0.333,0.000,1.000,0.000,0.000,0.000,0.000,0.000,0.333,0.000,0.000,0.000,0.000,0.333,0.333,0.000,0.000
15
5,1,21,19,24,14,27,16,28,7,4,16,19,0,21
1.000,0.000,0.667,0.000,0.333,0.667,0.333,0.000,0.333,1.000,0.333,0.000,0.000,1.000,0.000
22
8,15,26,4,22,27,20,6,12,19,23,28,26,29,25,12,26,25,6,9,14,20
1.000,0.667,0.667,1.000,0.333,0.333,0.333,1.000,1.000,0.000,0.667,0.333,0.333,1.000,1.000,1.000,0.000,0.333,1.000,0.000,0.000,0.000
27
26,0,2,2,27,6,0,24,10,5,19,2,18,1,17,29,11,28,9,4,8,1,1,27,5,28,9
1.000,1.000,1.000,1.000,1.000,1.000,1.000,1.000,1.000,1.000,0.667,1.000,1.000,1.000,0.667,1.000,1.000,1.000,1.000,1.000,1.000,1.000,1.000,1.000,1.000,0.667,1.000
17
7,0,20,6,5,20,7,18,21,20,23,19,7,25,13,17,24
0.333,1.000,0.333,1.000,1.000,0.667,0.000,0.000,0.667,0.000,0.333,0.000,0.000,0.333,1.000,0.333,0.000
36
23,12,25,28,18,16,10,27,27,7,22,28,4,9,6,9,3,8,26,25,13,1,24,8,20,26,0,22,9,9,19,24,21,28,2,5
0.667,0.667,1.000,0.667,0.667,0.000,0.333,1.000,0.333,0.667,0.333,1.000,0.000,0.000,0.667,0.000,0.000,1.000,0.333,1.000,0.000,0.000,0.333,1.000,1.000,0.000,1.000,0.000,0.000,0.000,0.333,0.333,0.000,0.667,1.000,1.000
27
1,6,8,9,17,22,6,26,6,2,11,6,16,25,0,4,15,14,1,8,6,3,19,17,20,3,27
0.000,1.000,1.000,0.000,0.000,0.333,1.000,0.000,0.667,0.667,1.000,1.000,0.667,0.667,0.333,0.333,0.333,0.000,0.000,1.000,0.667,0.000,0.000,0.000,0.000,0.333,0.333
18
13,16,4,1,19,15,13,13,26,0,2,25,6,25,14,18,19,1
0.000,0.333,0.667,0.000,0.000,0.000,0.000,0.000,0.000,1.000,0.667,0.000,1.000,0.333,0.000,0.000,0.000,0.000
23
24,14,5,23,9,28,14,28,3,17,17,24,16,11,6,15,10,13,2,18,17,29,9
0.000,0.000,1.000,0.667,0.667,1.000,0.667,0.667,1.000,1.000,1.000,0.333,1.000,1.000,1.000,1.000,0.000,0.333,0.667,0.333,1.000,1.000,0.000
35
1,29,2,13,3,24,18,12,6,11,2,22,22,8,1,28,21,8,11,11,14,1,17,12,13,4,25,9,11,9,23,10,24,1,4
0.000,1.000,1.000,0.000,0.000,0.333,1.000,0.667,1.000,1.000,1.000,1.000,0.333,1.000,0.000,1.000,0.000,1.000,1.000,1.000,0.667,0.000,0.667,1.000,0.667,0.333,1.000,0.333,1.000,0.000,1.000,0.667,0.333,0.000,0.667
38
6,27,8,0,18,4,18,0,14,15,22,6,25,11,7,4,9,27,20,4,16,25,4,21,14,12,27,0,10,22,0,10,17,17,20,29,25,15
1.000,0.667,1.000,0.667,0.333,1.000,1.000,0.000,1.000,1.000,1.000,0.667,0.667,1.000,1.000,0.667,0.000,1.000,1.000,1.000,0.667,0.667,1.000,0.333,0.333,0.667,0.000,1.000,0.667,1.000,1.000,0.000,0.333,0.000,1.000,1.000,1.000,1.000
27
6,8,19,11,4,2,10,24,29,3,4,0,26,27,28,17,11,12,8,1,4,12,15,15,23,2,21
1.000,1.000,0.000,0.333,0.000,0.333,0.000,0.000,1.000,0.667,0.000,0.333,0.000,0.333,0.333,0.000,0.000,0.333,1.000,0.000,0.333,0.000,0.000,0.333,0.667,0.333,0.667
15
22,11,3,27,12,16,26,7,25,19,2,11,6,11,1
0.667,1.000,1.000,0.667,1.000,0.000,0.333,1.000,1.000,0.667,0.667,1.000,0.667,1.000,0.000
36
2,1,6,4,20,25,4,19,12,20,28,19,28,5,19,17,24,1,24,25,5,8,24,2,0,0,18,4,12,18,11,15,24,24,18,2
0.000,0.000,0.667,0.000,0.000,0.333,1.000,0.000,0.000,0.000,0.000,0.000,0.000,0.000,0.000,0.333,0.000,0.000,0.000,0.000,0.667,1.000,0.000,0.000,0.333,0.000,0.000,0.000,0.000,0.000,0.333,0.333,0.000,0.000,0.000,0.000
25
2,25,17,28,22,20,13,14,16,0,24,20,16,22,24,10,16,25,13,28,19,29,18,20,6
1.000,1.000,0.333,0.000,0.667,1.000,0.667,1.000,1.000,1.000,0.333,1.000,0.667,1.000,0.333,0.000,1.000,0.667,0.333,0.333,0.333,1.000,0.000,0.333,1.000
30
17,10,3,15,16,8,5,23,26,19,24,1,8,27,20,28,5,2,19,5,6,0,22,0,4,5,12,1,14,14
1.000,1.000,1.000,1.000,1.000,1.000,1.000,1.000,1.000,1.000,0.667,0.333,1.000,1.000,1.000,1.000,0.667,1.000,1.000,1.000,1.000,0.667,1.000,1.000,0.667,0.667,1.000,1.000,1.000,1.000
39
22,18,11,14,10,4,4,14,28,17,10,25,11,1,19,14,19,3,21,17,5,22,26,25,18,10,27,23,1,26,7,28,10,4,17,22,29,17,13
0.000,0.000,1.000,0.333,0.000,0.000,0.000,0.000,0.000,0.333,0.000,0.000,1.000,0.000,0.000,0.000,0.000,0.000,0.000,0.000,1.000,0.000,0.000,0.000,0.000,0.000,0.333,0.667,0.000,0.000,0.000,0.000,0.000,0.333,0.000,0.000,1.000,0.000,0.000
15
18,23,5,26,17,23,4,23,23,5,1,7,14,14,10
0.000,0.000,1.000,0.000,0.667,0.667,0.000,1.000,0.667,0.333,0.000,0.667,0.333,0.000,0.000
17
9,21,12,20,7,3,26,3,4,0,16,1,29,7,6,14,25
0.000,0.333,0.667,0.000,0.333,0.000,0.333,0.000,1.000,1.000,0.333,0.000,1.000,0.333,0.667,0.333,1.000
20
7,2,22,6,22,28,6,13,1,9,18,25,8,15,18,17,8,15,12,9
0.000,0.000,0.000,1.000,0.000,0.000,0.667,0.000,0.000,0.000,0.000,1.000,1.000,0.333,0.000,0.000,1.000,1.000,0.000,0.000
49
11,28,26,29,1,8,14,1,28,0,9,1,11,22,7,4,21,27,0,14,5,11,7,12,18,26,0,10,19,0,29,7,4,16,29,7,24,9,1,8,23,22,2,17,6,14,20,21,19
0.333,0.000,0.000,1.000,0.000,0.667,0.333,0.000,0.000,0.000,0.000,0.000,0.000,0.000,0.000,0.667,0.333,0.000,0.333,0.000,0.000,0.000,0.000,0.000,0.000,0.000,0.333,0.000,0.000,0.000,0.667,0.000,0.000,0.000,1.000,0.000,0.333,0.000,0.000,1.000,0.000,0.000,0.000,0.000,1.000,0.000,0.000,0.000,0.000
32
3,19,15,6,21,28,10,23,0,25,28,26,6,11,6,26,22,6,9,29,15,25,7,8,8,1,12,12,22,22,3,24
0.333,0.000,0.667,1.000,0.333,0.333,0.000,0.667,1.000,1.000,0.333,0.667,1.000,0.667,0.667,0.333,0.667,1.000,0.000,1.000,0.667,0.000,0.000,1.000,1.000,0.000,0.667,0.333,0.333,0.000,0.333,0.333
26
9,11,15,13,29,26,15,7,22,27,9,28,16,26,29,28,17,19,15,16,15,18,23,23,7,5
0.000,0.333,0.333,0.000,0.667,0.000,0.000,0.000,0.333,0.333,0.000,0.333,0.000,0.333,0.333,0.000,0.000,0.000,0.333,0.000,0.333,0.000,0.000,0.667,0.000,0.333
37
5,26,19,4,22,8,25,26,28,15,21,13,21,7,26,19,18,13,6,4,17,1,10,21,7,0,26,21,11,1,17,6,25,16,21,29,22
1.000,0.000,0.333,0.667,0.000,1.000,0.667,0.667,1.000,0.667,0.667,0.000,0.333,0.000,1.000,0.333,0.667,0.667,1.000,1.000,0.667,0.333,0.333,0.000,0.667,0.667,0.333,0.333,1.000,0.000,0.000,1.000,1.000,0.333,0.000,1.000,0.667
19
6,13,22,0,16,3,20,4,19,23,22,24,6,9,16,28,29,6,0
1.000,0.000,0.000,0.667,0.000,0.000,0.000,0.000,0.333,0.333,0.333,0.000,0.333,0.000,0.333,0.333,0.667,0.667,0.667
13
10,28,1,28,15,6,12,4,16,20,11,27,18
0.000,1.000,0.667,0.667,0.667,1.000,1.000,1.000,1.000,1.000,1.000,1.000,1.000
15
16,24,4,28,27,29,6,8,24,0,0,18,5,17,9
0.000,0.000,0.333,0.333,0.000,1.000,1.000,1.000,0.000,0.667,1.000,0.000,0.333,0.000,0.000
14
3,3,5,19,20,12,21,4,22,24,25,22,6,19
0.000,0.000,0.667,0.667,0.333,0.000,0.000,1.000,0.000,0.000,1.000,0.667,1.000,0.000
36
12,0,4,25,12,26,24,13,23,2,14,18,16,29,2,15,13,11,27,11,28,10,16,7,16,20,24,22,19,10,24,24,1,9,9,10
1.000,1.000,1.000,0.667,0.333,0.667,0.000,0.667,1.000,1.000,1.000,0.333,0.333,1.000,1.000,1.000,0.667,1.000,1.000,1.000,0.000,0.000,1.000,0.667,1.000,1.000,1.000,1.000,0.000,0.333,0.333,0.000,0.000,0.333,0.000,0.333
15
2,23,10,14,12,19,27,9,5,14,24,17,17,6,14
0.667,0.333,0.000,0.000,0.000,0.000,0.000,0.000,0.000,0.000,0.000,0.000,0.000,1.000,0.333
21
21,19,17,0,29,29,0,23,13,3,4,10,23,27,22,12,15,23,12,23,21
0.333,0.000,0.333,0.667,1.000,1.000,1.000,0.000,0.000,0.333,0.667,0.000,1.000,0.000,0.667,1.000,0.667,1.000,0.667,0.667,0.667
11
16,29,23,6,6,19,26,8,21,1,13
1.000,1.000,1.000,1.000,1.000,0.000,0.333,1.000,1.000,0.667,0.333
28
15,29,14,6,15,4,15,0,18,4,6,18,21,4,28,16,25,21,29,7,28,28,0,1,29,14,19,27
0.000,1.000,0.000,0.000,0.000,0.667,0.000,0.000,0.333,0.000,0.000,0.000,0.333,0.000,1.000,0.000,0.000,0.667,0.667,0.000,0.000,0.000,0.000,0.000,0.667,0.333,0.000,1.000
42
18,27,5,4,1,8,29,28,25,13,3,3,20,14,7,25,3,15,20,27,3,29,15,21,11,15,18,7,5,9,4,28,17,9,9,6,17,0,6,20,0,14
0.000,0.667,1.000,1.000,0.333,1.000,1.000,1.000,0.667,0.000,0.333,0.333,0.333,1.000,0.333,0.333,0.333,0.000,0.000,0.000,0.333,1.000,1.000,0.333,1.000,0.667,0.000,0.667,0.000,0.000,1.000,0.667,0.000,0.000,0.333,1.000,0.667,1.000,1.000,1.000,1.000,0.333
11
29,1,9,15,11,0,20,7,15,17,12
1.000,0.000,0.333,0.667,1.000,0.667,0.667,0.333,0.667,0.333,0.667
43
25,29,8,13,18,9,22,3,28,28,5,13,3,25,14,15,6,16,18,28,18,16,5,28,10,15,29,24,7,10,6,25,23,21,24,18,25,9,8,3,22,14,12
1.000,1.000,1.000,0.000,0.333,0.333,0.667,0.667,0.667,0.667,0.667,0.333,1.000,0.333,0.000,0.333,1.000,1.000,0.000,1.000,0.000,1.000,1.000,1.000,0.333,1.000,1.000,0.333,0.667,0.000,0.667,1.000,1.000,0.333,0.333,1.000,1.000,0.333,1.000,0.667,0.333,1.000,0.667
39
20,11,4,10,19,2,20,14,13,10,19,7,3,26,11,7,5,14,29,11,15,15,26,20,19,19,27,3,10,12,28,8,3,11,8,12,15,25,5
0.000,0.333,0.000,0.000,0.000,0.000,0.000,0.000,0.000,0.000,0.000,0.000,0.000,0.000,0.000,0.333,0.000,0.333,1.000,0.667,0.000,0.667,0.000,0.000,0.000,0.000,0.000,0.000,0.000,0.000,0.000,1.000,0.333,0.667,1.000,0.000,0.667,0.333,0.333
24
19,9,13,5,13,23,24,21,11,10,28,29,24,19,21,23,24,18,1,21,19,0,7,24
0.000,0.000,0.000,0.000,0.000,0.000,0.000,0.333,0.000,0.000,0.000,1.000,0.000,0.000,0.333,0.333,0.000,0.000,0.000,0.333,0.000,0.000,0.000,0.000
46
22,11,29,19,4,2,8,25,8,6,25,1,22,22,26,20,15,8,12,27,26,18,19,16,5,3,0,17,18,8,12,7,22,12,14,10,11,13,3,0,23,3,18,8,9,3
0.667,1.000,1.000,0.667,0.333,1.000,1.000,1.000,1.000,1.000,1.000,0.000,1.000,0.333,0.667,0.000,0.667,1.000,1.000,0.667,1.000,0.333,0.333,0.000,1.000,0.333,1.000,1.000,1.000,1.000,1.000,1.000,0.000,0.667,0.000,0.333,0.667,0.000,0.333,1.000,1.000,0.000,0.333,1.000,0.000,0.667
35
16,6,22,19,14,12,27,1,27,18,23,12,23,10,26,21,14,9,8,26,27,8,19,27,0,16,11,9,4,29,28,17,14,5,6
1.000,0.333,0.000,0.667,0.667,0.333,0.000,0.000,0.333,0.667,0.667,0.667,1.000,0.000,0.000,0.333,1.000,0.000,1.000,0.333,0.667,1.000,0.000,0.667,1.000,0.333,1.000,0.000,0.333,1.000,1.000,0.000,0.667,1.000,0.667
41
21,9,10,24,12,8,6,8,12,25,2,2,0,20,19,1,24,2,14,23,5,29,12,20,0,19,18,0,27,20,21,1,14,13,18,10,29,14,5,19,8
0.333,0.000,0.000,0.000,0.667,1.000,0.667,1.000,0.667,0.667,0.667,1.000,1.000,0.333,0.333,0.000,0.000,1.000,1.000,0.667,0.667,1.000,0.333,1.000,1.000,0.000,1.000,1.000,0.333,0.667,0.333,0.000,0.667,0.000,0.000,0.333,1.000,0.333,1.000,0.667,1.000
35
6,9,5,13,16,8,18,29,4,22,6,18,19,25,6,23,1,24,22,15,12,7,5,5,8,3,26,10,4,24,16,19,6,26,14
1.000,0.000,0.333,0.000,1.000,1.000,0.667,1.000,1.000,0.333,0.333,0.333,0.000,1.000,1.000,0.667,0.000,0.333,0.667,0.667,1.000,1.000,0.333,1.000,1.000,0.000,0.333,0.333,0.333,0.333,1.000,0.667,1.000,1.000,0.333
26
3,23,14,25,15,20,12,8,10,10,5,0,21,5,12,21,23,21,4,14,26,17,19,13,14,25
0.000,1.000,0.333,0.000,0.333,0.333,0.000,1.000,0.000,0.000,0.667,0.000,0.000,0.667,0.000,0.000,0.667,0.000,1.000,0.667,0.000,0.000,0.000,0.000,0.000,1.000
28
27,10,28,17,1,8,23,16,27,13,3,28,16,16,11,27,19,17,2,10,24,17,3,16,17,4,13,9
0.667,0.000,0.333,0.000,0.667,1.000,1.000,0.333,1.000,0.000,0.333,0.667,0.667,0.000,0.667,0.000,0.333,0.000,1.000,0.000,0.333,1.000,0.333,0.333,0.000,0.000,0.000,0.000
40
10,15,19,3,21,21,22,16,12,10,29,2,8,5,21,20,10,15,18,26,4,13,16,2,3,15,15,20,25,24,3,18,25,16,12,25,21,22,25,23
0.000,1.000,0.000,0.000,0.333,0.000,1.000,0.333,0.000,0.333,1.000,0.667,1.000,0.667,0.000,0.000,0.000,0.667,0.333,0.333,0.667,0.333,1.000,1.000,0.667,0.667,1.000,0.000,0.667,0.333,0.000,0.000,1.000,0.333,1.000,1.000,0.000,0.000,1.000,0.667
26
11,22,21,21,29,4,10,3,26,3,2,25,23,22,24,16,6,25,3,22,12,11,0,20,18,20
1.000,0.333,0.000,0.000,0.667,0.333,0.000,0.000,0.000,0.000,0.667,0.333,0.667,0.000,0.333,0.333,0.667,0.000,0.000,0.333,0.333,0.667,1.000,0.000,0.000,0.333
35
3,16,13,17,26,0,21,15,2,22,20,8,22,3,20,4,10,20,25,8,25,2,5,23,10,8,28,14,22,27,2,0,19,28,21
1.000,1.000,0.667,1.000,1.000,1.000,0.667,1.000,1.000,1.000,1.000,1.000,0.667,1.000,1.000,1.000,0.667,1.000,0.667,1.000,1.000,1.000,0.667,1.000,0.667,1.000,1.000,1.000,1.000,1.000,1.000,1.000,0.667,1.000,0.667
27
23,20,6,0,4,16,27,28,7,14,19,3,1,4,0,24,4,5,1,25,25,0,3,6,21,25,0
1.000,1.000,1.000,0.333,0.333,0.667,1.000,0.333,0.333,1.000,0.000,0.333,0.000,0.667,1.000,0.000,0.667,1.000,0.000,1.000,0.667,0.667,0.000,1.000,0.333,1.000,1.000
48
19,7,9,4,8,24,24,0,1,18,13,19,9,8,9,28,5,16,27,24,5,3,29,19,2,22,18,17,25,23,3,7,16,4,12,24,0,26,12,3,21,25,23,13,2,4,6,0
0.000,0.000,0.000,0.667,1.000,0.000,0.000,1.000,0.000,0.000,0.000,0.000,0.000,1.000,0.000,0.000,0.667,0.000,0.333,0.000,0.667,0.000,0.667,0.000,0.667,0.000,0.000,0.333,0.000,0.667,0.667,0.333,0.333,0.000,0.000,0.000,0.000,0.000,0.333,0.000,0.333,0.333,0.667,0.000,0.667,0.667,0.667,0.000
34
5,21,26,15,19,28,15,11,16,4,26,24,12,7,23,4,11,8,2,2,0,24,21,17,23,11,8,8,17,17,28,6,26,3
0.333,0.333,1.000,1.000,0.667,1.000,0.667,0.667,0.667,1.000,1.000,0.000,0.667,0.333,1.000,1.000,0.667,1.000,1.000,1.000,0.333,0.667,0.333,1.000,1.000,1.000,1.000,1.000,0.000,1.000,1.000,1.000,0.333,0.333
